
name: Sigourney_Weaver_0001.jpg  points:  [(93, 114), (113, 114), (139, 111), (163, 113), (127, 134), (106, 158), (142, 158)]
name: Adam_Freier_0001.jpg  points:  [(89, 110), (114, 110), (138, 111), (162, 105), (136, 138), (107, 155), (140, 158)]
name: Nathan_Lane_0001.jpg  points:  [(88, 118), (113, 114), (138, 114), (155, 122), (126, 133), (116, 170), (139, 168)]
name: Skip_Prosser_0001.jpg  points:  [(92, 114), (116, 114), (135, 113), (154, 113), (125, 132), (110, 162), (143, 162)]
name: Jack_Valenti_0001.jpg  points:  [(93, 114), (112, 114), (134, 113), (154, 113), (125, 139), (112, 157), (142, 158)]
name: Karen_Lynn_Gorney_0001.jpg  points:  [(87, 114), (112, 114), (137, 113), (154, 110), (139, 137), (104, 156), (144, 155)]
name: Laurent_Jalabert_0002.jpg  points:  [(83, 115), (109, 115), (135, 114), (156, 114), (131, 144), (103, 160), (145, 158)]
name: Ruth_Christofferson_0001.jpg  points:  [(82, 117), (112, 113), (135, 113), (166, 116), (129, 136), (104, 156), (143, 162)]
name: Mike_Miller_0002.jpg  points:  [(91, 113), (114, 113), (138, 113), (159, 109), (128, 136), (108, 165), (139, 166)]
name: Robert_Flodquist_0001.jpg  points:  [(99, 118), (115, 109), (135, 111), (162, 114), (126, 133), (111, 165), (140, 166)]
name: James_Barksdale_0001.jpg  points:  [(91, 114), (114, 112), (138, 116), (159, 116), (135, 139), (113, 167), (137, 165)]
name: James_Williams_0001.jpg  points:  [(89, 113), (114, 112), (135, 115), (161, 114), (131, 133), (102, 160), (139, 159)]
name: David_McKiernan_0001.jpg  points:  [(92, 112), (116, 109), (131, 114), (158, 116), (128, 136), (111, 159), (144, 159)]
name: Michael_Deutsch_0001.jpg  points:  [(89, 112), (113, 111), (139, 114), (154, 114), (132, 140), (100, 155), (137, 161)]
name: Steven_Feldman_0001.jpg  points:  [(90, 116), (116, 114), (142, 114), (155, 115), (128, 140), (109, 162), (144, 166)]
name: Bob_Cantrell_0001.jpg  points:  [(94, 117), (115, 117), (133, 115), (154, 115), (121, 138), (107, 162), (141, 158)]
name: Wang_Nan_0001.jpg  points:  [(86, 106), (112, 109), (138, 114), (154, 115), (129, 133), (114, 172), (143, 167)]
name: Prakash_Hinduja_0001.jpg  points:  [(90, 118), (112, 116), (135, 115), (153, 117), (129, 143), (108, 159), (140, 160)]
name: Francisco_Garcia_0001.jpg  points:  [(89, 113), (110, 113), (130, 111), (158, 111), (124, 143), (119, 178), (150, 175)]
name: Florecita_Cobian_0001.jpg  points:  [(88, 111), (114, 112), (138, 115), (156, 113), (126, 144), (102, 149), (150, 150)]
name: Richard_Armitage_0007.jpg  points:  [(89, 114), (113, 111), (139, 111), (153, 113), (124, 137), (113, 164), (144, 163)]
name: Faye_Wong_0001.jpg  points:  [(94, 115), (114, 115), (140, 117), (155, 112), (134, 138), (108, 156), (147, 156)]
name: Jeremy_Fogel_0001.jpg  points:  [(95, 119), (114, 115), (136, 115), (159, 114), (115, 141), (108, 160), (145, 161)]
name: Melissa_Manchester_0001.jpg  points:  [(92, 114), (121, 112), (136, 115), (159, 115), (131, 140), (103, 156), (145, 158)]
name: Ralph_Goodale_0001.jpg  points:  [(91, 111), (110, 113), (135, 115), (161, 117), (115, 138), (108, 159), (138, 162)]
name: Michelle_Rodriguez_0001.jpg  points:  [(90, 118), (116, 115), (140, 116), (160, 113), (132, 143), (103, 154), (141, 153)]
name: Pieter_Bouw_0001.jpg  points:  [(92, 115), (120, 116), (137, 118), (154, 117), (138, 143), (109, 157), (138, 156)]
name: Jason_Jennings_0002.jpg  points:  [(92, 118), (108, 116), (138, 117), (161, 115), (134, 142), (103, 154), (141, 154)]
name: Nicolas_Lapentti_0001.jpg  points:  [(90, 117), (108, 117), (135, 116), (157, 116), (135, 142), (105, 155), (135, 160)]
name: Natalie_Maines_0003.jpg  points:  [(91, 114), (113, 113), (136, 115), (156, 112), (128, 142), (103, 163), (139, 160)]
name: Eric_Clapton_0001.jpg  points:  [(94, 120), (117, 117), (139, 113), (161, 109), (133, 140), (118, 161), (144, 160)]
name: Salman_Rushdie_0003.jpg  points:  [(93, 118), (115, 116), (133, 114), (157, 114), (127, 135), (105, 156), (150, 154)]
name: Jerry_Oliver_0001.jpg  points:  [(102, 117), (112, 116), (133, 113), (161, 110), (117, 140), (117, 173), (149, 172)]
name: Andre_Techine_0001.jpg  points:  [(89, 114), (114, 113), (133, 113), (153, 116), (125, 143), (114, 167), (143, 164)]
name: Shaukat_Aziz_0001.jpg  points:  [(96, 117), (112, 112), (134, 113), (157, 110), (121, 135), (111, 167), (141, 164)]
name: Jaap_de_Hoop_Scheffer_0001.jpg  points:  [(90, 113), (117, 112), (144, 114), (164, 117), (137, 143), (111, 162), (141, 165)]
name: Richard_Palmer_0001.jpg  points:  [(92, 118), (111, 114), (135, 114), (157, 112), (118, 138), (110, 162), (145, 160)]
name: Dustin_Brown_0001.jpg  points:  [(85, 115), (111, 113), (135, 113), (163, 114), (124, 131), (105, 155), (145, 155)]
name: Gabriella_Bo_0001.jpg  points:  [(93, 114), (110, 114), (133, 115), (161, 112), (122, 134), (111, 153), (141, 157)]
name: Gregg_Popovich_0004.jpg  points:  [(96, 114), (113, 112), (137, 111), (153, 113), (119, 134), (113, 162), (139, 163)]
name: Mike_Alden_0001.jpg  points:  [(96, 117), (112, 115), (135, 116), (149, 115), (123, 140), (115, 161), (139, 162)]
name: Jennifer_Tilly_0001.jpg  points:  [(94, 116), (110, 115), (136, 115), (154, 110), (130, 138), (108, 151), (143, 153)]
name: Charles_Rogers_0001.jpg  points:  [(87, 114), (109, 112), (136, 117), (165, 113), (125, 132), (106, 156), (142, 157)]
name: Graham_Bentley_0001.jpg  points:  [(99, 118), (112, 114), (135, 114), (154, 114), (127, 133), (111, 159), (138, 159)]
name: Beth_Jones_0002.jpg  points:  [(81, 111), (107, 114), (136, 114), (164, 108), (132, 139), (109, 161), (143, 158)]
name: Ian_Thorpe_0003.jpg  points:  [(91, 115), (116, 110), (135, 114), (159, 118), (131, 140), (101, 154), (148, 153)]
name: Colin_Farrell_0007.jpg  points:  [(90, 116), (115, 112), (134, 112), (156, 106), (135, 138), (104, 158), (140, 159)]
name: Javier_Vazquez_0001.jpg  points:  [(90, 119), (114, 112), (135, 112), (164, 113), (126, 130), (111, 163), (138, 157)]
name: Lars_Burgsmuller_0001.jpg  points:  [(90, 109), (117, 113), (135, 116), (155, 110), (127, 142), (104, 168), (139, 169)]
name: Alex_Penelas_0001.jpg  points:  [(92, 114), (115, 113), (131, 116), (155, 112), (123, 139), (117, 160), (138, 162)]